ciao: 30-05-2020 17:26:41 Milano 1 55 >> Ambo 12.500000
tommy: 30-05-2020 17:41:10 Nazionale 33 66 >> Ambo 1.623377 
tommy: 30-05-2020 18:05:22 Cagliari 53 62 >> Ambo 8.116883 
